image: /home/agv/agv/src/agvcar/maps/maps.pgm
resolution: 0.050000
origin: [-47.719466, -69.287779, 0.000000]
negate: 0
occupied_thresh: 0.65
free_thresh: 0.196

