image: /home/agv/agv/src/agvcar/maps/sxbb.pgm
resolution: 0.050000
origin: [-10.054518, -7.501394, 0.000000]
negate: 0
occupied_thresh: 0.65
free_thresh: 0.196

