image: /home/agv/agv/src/agvcar/maps/try.pgm
resolution: 0.050000
origin: [-39.277173, -11.638129, 0.000000]
negate: 0
occupied_thresh: 0.65
free_thresh: 0.196

