image_width: 640
image_height: 480
camera_name: narrow_stereo
camera_matrix:
  rows: 3
  cols: 3
  data: [620.64219,   0.     , 209.07758,
           0.     , 622.88076, 268.5595 ,
           0.     ,   0.     ,   1.     ]
distortion_model: plumb_bob
distortion_coefficients:
  rows: 1
  cols: 5
  data: [-0.028659, -0.171848, 0.006192, 0.008732, 0.000000]
rectification_matrix:
  rows: 3
  cols: 3
  data: [1., 0., 0.,
         0., 1., 0.,
         0., 0., 1.]
projection_matrix:
  rows: 3
  cols: 4
  data: [599.62968,   0.     , 204.92185,   0.     ,
           0.     , 616.57235, 271.14032,   0.     ,
           0.     ,   0.     ,   1.     ,   0.     ]
  